infile/PID1KtoQ/adem2_500m_KtoQ.asc
ncols        120              
nrows        120              
xllcorner    73.600000000000  
yllcorner    32.099999999998  
cellsize     0.004166666667   
NODATA_value -9999            
[rows 0 to 25 of 120, columns 60 to 119 of 120]
228.00000 227.00000 228.00000 228.00000 230.00000 231.00000 230.00000 232.00000 231.00000 231.00000 231.00000 229.00000 232.00000 229.00000 229.00000 229.00000 229.00000 230.00000 229.00000 229.00000 229.00000 229.00000 231.00000 228.51000 230.00000 230.00000 229.49000 229.00000 230.00000 232.00000 231.00000 232.00000 231.00000 228.66000 230.00000 228.67000 230.00000 231.00000 230.08000 231.00000 230.51000 232.00000 231.00000 233.00000 231.13000 231.15000 234.00000 231.00000 231.49000 232.00000 232.00000 233.00000 234.00000 234.00000 234.00000 235.00000 233.00000 233.00000 233.00000 232.00000
226.00000 227.00000 228.00000 228.00000 230.00000 230.00000 232.00000 232.00000 230.00000 231.00000 229.00000 229.00000 231.00000 230.00000 228.51000 228.00000 230.00000 229.00000 228.00000 228.21000 228.22000 228.23000 228.49000 231.00000 230.00000 229.51000 229.00000 228.68000 230.00000 229.51000 229.51000 229.49000 227.49000 230.00000 228.67000 229.00000 231.00000 230.00000 230.00000 230.07000 231.00000 230.49000 231.00000 230.56000 230.57000 232.00000 231.15000 233.00000 232.00000 231.51000 232.00000 233.00000 233.00000 233.00000 234.00000 234.00000 234.00000 232.00000 233.00000 233.00000
226.00000 226.00000 228.00000 228.00000 227.00000 227.00000 228.00000 229.00000 229.00000 228.00000 229.00000 229.00000 230.00000 231.00000 230.01000 228.49000 228.00000 229.00000 228.00000 228.00000 228.00000 228.34000 229.00000 229.00000 228.00000 229.00000 228.45000 228.44000 230.00000 227.00000 229.49000 226.68000 228.00000 227.51000 228.00000 227.51000 230.00000 229.00000 229.00000 230.00000 230.07000 230.04000 230.28000 230.29000 231.00000 231.00000 232.00000 231.16000 234.00000 233.00000 233.00000 233.00000 232.00000 232.00000 233.00000 233.00000 232.00000 232.00000 232.00000 233.00000
224.00000 225.00000 227.00000 226.00000 228.00000 229.00000 228.00000 228.00000 228.00000 227.51000 227.25000 228.00000 230.00000 229.00000 231.00000 229.99000 228.00000 228.00000 226.01000 229.00000 228.00000 229.00000 227.00000 227.34000 229.00000 227.00000 227.55000 227.53000 227.82000 229.00000 226.66000 228.00000 227.00000 228.00000 227.00000 227.49000 230.00000 228.88000 228.87000 229.20000 230.00000 229.99000 230.01000 231.00000 230.30000 230.37000 230.46000 231.00000 231.16000 232.00000 233.00000 232.00000 231.00000 232.00000 233.00000 234.00000 233.00000 234.00000 232.00000 234.00000
224.00000 224.00000 224.00000 226.00000 228.00000 228.00000 228.00000 228.00000 228.00000 227.11000 227.13000 227.00000 227.00000 229.00000 228.00000 226.51000 229.00000 226.00000 227.00000 227.00000 227.00000 229.00000 227.00000 229.00000 227.34000 227.00000 227.00000 227.53000 229.00000 226.21000 226.22000 228.00000 227.00000 228.00000 227.00000 228.00000 229.00000 229.00000 228.71000 228.69000 228.68000 229.29000 231.00000 230.01000 230.01000 230.30000 230.38000 230.46000 229.00000 230.00000 230.00000 230.00000 231.49000 231.51000 233.00000 235.00000 235.00000 233.00000 234.00000 232.00000
223.00000 223.00000 223.00000 224.00000 227.00000 227.00000 228.00000 227.00000 226.00000 227.00000 227.00000 226.00000 225.00000 227.00000 226.49000 228.00000 227.00000 226.00000 225.99000 226.00000 226.00000 226.00000 228.00000 226.00000 226.00000 227.32000 224.21000 229.00000 226.00000 227.99000 228.00000 226.23000 228.00000 227.00000 227.00000 227.00000 227.55000 227.55000 227.53000 229.00000 228.68000 231.00000 229.30000 229.30000 229.41000 230.00000 229.00000 230.00000 228.81000 229.49000 231.00000 230.00000 231.00000 232.00000 236.00000 235.00000 234.00000 234.00000 232.00000 232.00000
222.00000 223.00000 223.00000 225.00000 226.00000 226.00000 225.00000 226.00000 225.34000 225.32000 226.00000 226.00000 225.00000 225.00000 226.00000 228.00000 227.00000 226.00000 225.51000 227.00000 227.00000 226.00000 227.00000 225.00000 227.00000 225.00000 225.00000 224.14000 224.14000 228.00000 228.01000 227.00000 226.00000 227.00000 227.00000 227.06000 227.05000 227.04000 228.00000 227.53000 227.52000 228.00000 229.00000 229.00000 229.31000 229.00000 229.00000 228.80000 228.80000 230.00000 229.51000 230.00000 232.00000 232.00000 238.00000 237.00000 234.00000 234.00000 231.00000 231.00000
221.51000 223.00000 224.00000 225.00000 227.00000 225.00000 225.00000 225.34000 226.00000 226.00000 224.00000 224.49000 224.51000 225.00000 227.00000 227.00000 227.00000 225.49000 227.00000 226.00000 226.00000 226.00000 224.01000 225.00000 225.00000 225.00000 224.10000 224.10000 225.00000 224.15000 228.00000 224.68000 228.00000 227.00000 226.00000 227.00000 227.05000 227.04000 227.04000 227.04000 227.02000 227.07000 228.00000 228.00000 229.00000 228.00000 228.00000 228.80000 229.00000 230.00000 233.00000 233.00000 232.00000 232.00000 233.00000 232.00000 234.00000 232.00000 231.00000 231.00000
222.00000 222.00000 223.49000 226.00000 224.00000 224.00000 224.00000 223.00000 225.00000 224.00000 224.00000 223.00000 224.00000 226.00000 227.00000 227.00000 225.00000 225.00000 226.00000 225.00000 226.00000 225.00000 226.00000 224.00000 224.05000 224.04000 223.54000 224.00000 223.69000 225.00000 224.66000 224.66000 225.00000 225.00000 226.13000 226.31000 226.51000 227.00000 227.01000 229.00000 227.00000 227.01000 227.08000 227.08000 227.19000 227.92000 227.93000 229.00000 229.00000 231.00000 234.00000 231.00000 231.00000 230.00000 229.34000 232.00000 230.00000 229.00000 229.00000 228.00000
222.00000 223.00000 225.00000 223.51000 224.00000 223.00000 223.00000 224.00000 223.00000 224.00000 223.00000 223.00000 224.00000 225.00000 226.00000 226.00000 225.00000 225.00000 226.00000 225.00000 224.00000 224.00000 224.00000 224.00000 223.99000 223.26000 225.00000 223.20000 224.00000 223.68000 224.00000 224.00000 225.00000 225.00000 226.13000 227.00000 226.30000 226.30000 227.00000 227.00000 227.00000 229.00000 227.12000 227.18000 227.18000 227.34000 227.94000 229.00000 228.00000 229.00000 230.00000 230.00000 228.00000 228.00000 230.00000 229.34000 230.00000 229.00000 227.88000 228.00000
223.00000 223.00000 224.00000 224.00000 224.00000 223.00000 223.00000 223.00000 223.00000 221.51000 222.00000 223.00000 224.00000 225.00000 224.00000 225.00000 225.00000 223.51000 224.00000 221.84000 225.00000 224.00000 223.00000 224.00000 223.00000 224.00000 223.27000 223.18000 223.68000 223.80000 226.00000 224.00000 224.00000 224.00000 225.92000 226.12000 226.11000 227.00000 226.29000 226.29000 226.66000 227.00000 228.00000 227.24000 227.22000 227.34000 227.39000 227.00000 226.01000 227.00000 228.00000 227.00000 228.00000 228.00000 227.34000 229.01000 229.32000 228.34000 228.34000 227.86000
222.00000 222.00000 225.00000 224.00000 224.00000 223.00000 223.00000 222.00000 223.00000 221.49000 223.00000 223.00000 224.00000 224.00000 223.00000 225.00000 223.00000 221.82000 221.83000 222.00000 223.00000 222.26000 223.00000 223.00000 223.08000 223.18000 223.18000 225.00000 224.00000 225.00000 223.81000 225.00000 225.00000 225.00000 226.00000 225.91000 228.00000 226.11000 226.10000 226.07000 226.08000 226.66000 227.00000 227.00000 227.24000 227.00000 225.99000 226.00000 228.00000 228.00000 228.00000 227.00000 227.00000 227.00000 227.00000 227.34000 228.99000 231.00000 227.66000 227.64000
221.00000 223.00000 224.00000 223.00000 224.00000 224.00000 222.00000 222.00000 222.00000 221.00000 223.00000 224.00000 224.00000 223.00000 225.00000 224.00000 223.00000 223.00000 221.02000 224.00000 223.00000 223.00000 222.26000 223.00000 223.09000 224.00000 224.00000 223.43000 224.00000 224.00000 224.00000 225.00000 225.00000 226.26000 227.00000 226.00000 225.90000 225.89000 227.00000 226.06000 227.00000 227.00000 226.68000 228.00000 227.00000 226.00000 226.00000 225.51000 227.00000 227.00000 228.00000 227.00000 227.00000 227.51000 227.00000 227.00000 227.32000 228.00000 227.16000 227.64000
221.00000 222.00000 221.00000 221.00000 222.00000 222.00000 222.00000 221.00000 220.49000 222.00000 222.00000 222.00000 222.00000 223.00000 224.00000 223.00000 223.00000 221.00000 223.00000 221.00000 222.11000 222.24000 223.74000 223.75000 224.00000 226.00000 225.00000 225.00000 224.00000 224.00000 224.00000 224.00000 225.00000 225.96000 225.96000 227.00000 230.00000 226.00000 225.79000 225.80000 225.81000 227.00000 227.00000 227.00000 226.00000 227.00000 226.00000 226.00000 225.49000 226.00000 225.51000 227.00000 226.00000 226.00000 227.49000 225.51000 226.00000 227.00000 227.15000 227.33000
220.00000 221.00000 221.00000 222.00000 221.00000 222.00000 220.00000 220.00000 221.00000 220.51000 222.00000 221.51000 223.00000 223.00000 223.00000 223.00000 221.01000 221.00000 220.99000 220.98000 222.00000 222.13000 224.00000 224.51000 224.00000 224.00000 223.00000 225.00000 224.00000 225.00000 224.00000 225.00000 225.51000 226.00000 226.00000 225.94000 225.94000 225.94000 225.63000 225.64000 226.12000 226.13000 226.13000 227.00000 226.00000 225.00000 226.00000 226.00000 225.00000 225.49000 227.00000 227.00000 226.00000 226.00000 226.00000 226.00000 225.49000 225.00000 225.49000 227.00000
220.00000 220.00000 221.00000 220.00000 221.00000 220.00000 219.00000 219.49000 219.51000 221.00000 222.00000 222.00000 221.49000 222.00000 223.00000 220.00000 221.01000 221.01000 221.00000 220.98000 222.00000 224.00000 225.00000 224.00000 224.00000 223.00000 225.00000 223.34000 225.00000 226.00000 226.00000 225.00000 226.00000 225.49000 225.09000 226.00000 227.01000 226.00000 225.63000 226.21000 227.00000 226.25000 227.00000 226.00000 225.00000 226.00000 225.00000 224.21000 226.00000 225.00000 226.00000 227.00000 226.00000 225.00000 225.00000 225.00000 225.00000 225.00000 226.00000 225.51000
218.51000 218.51000 219.00000 220.00000 220.00000 219.00000 219.00000 219.00000 220.00000 220.00000 220.00000 221.00000 221.00000 221.00000 222.00000 221.00000 220.00000 221.00000 221.00000 220.02000 223.00000 222.00000 224.00000 223.00000 221.87000 223.32000 223.34000 224.00000 225.00000 229.00000 229.00000 226.00000 226.00000 225.09000 225.05000 225.05000 226.00000 226.99000 225.63000 225.66000 226.22000 226.23000 226.26000 225.00000 225.00000 224.34000 226.00000 226.00000 224.20000 225.00000 225.00000 225.00000 225.00000 225.00000 225.00000 225.00000 224.34000 224.33000 225.49000 225.51000
220.00000 219.00000 218.49000 219.00000 218.17000 219.00000 218.34000 220.00000 220.00000 220.00000 221.00000 220.00000 220.00000 219.76000 219.75000 221.00000 219.51000 220.00000 220.00000 221.00000 221.00000 222.00000 222.00000 221.25000 224.00000 221.88000 222.50000 223.00000 223.00000 227.00000 226.00000 225.12000 225.11000 225.11000 225.06000 225.05000 225.04000 225.62000 226.00000 226.00000 225.66000 226.34000 225.00000 226.00000 225.00000 224.15000 224.06000 224.06000 224.10000 225.00000 224.00000 223.01000 224.00000 224.00000 223.96000 223.95000 223.80000 223.80000 226.00000 227.00000
217.00000 219.00000 218.00000 217.00000 219.00000 218.07000 218.08000 218.34000 218.00000 220.00000 219.00000 220.00000 220.00000 220.00000 220.51000 219.75000 221.00000 219.49000 219.99000 220.00000 221.13000 221.06000 221.25000 223.00000 221.26000 221.90000 222.34000 222.51000 223.49000 223.51000 225.00000 224.82000 225.07000 225.06000 226.00000 225.03000 225.03000 227.00000 227.00000 226.00000 226.00000 225.68000 224.17000 224.17000 224.15000 224.09000 224.07000 224.06000 225.00000 224.00000 223.00000 222.67000 224.04000 224.04000 224.04000 223.81000 224.00000 223.78000 224.49000 224.51000
216.00000 218.00000 218.00000 219.00000 216.80000 216.80000 218.00000 217.00000 218.00000 217.68000 218.00000 218.00000 220.00000 220.49000 219.16000 220.00000 219.74000 219.32000 221.00000 220.00000 220.00000 221.05000 222.00000 223.00000 221.00000 222.00000 222.00000 223.00000 223.00000 224.00000 224.00000 224.65000 224.64000 225.00000 226.00000 225.02000 225.02000 225.99000 225.99000 226.00000 226.02000 224.61000 225.00000 224.51000 224.49000 224.12000 225.00000 224.05000 224.00000 224.00000 223.51000 222.66000 224.06000 224.06000 224.00000 224.00000 223.84000 223.78000 224.49000 224.51000
217.00000 217.00000 218.00000 216.81000 217.00000 216.80000 217.00000 219.00000 218.00000 217.66000 219.00000 218.51000 220.00000 219.00000 220.00000 219.15000 219.32000 220.00000 219.34000 219.34000 219.35000 220.49000 221.00000 221.00000 221.00000 221.00000 223.00000 223.00000 223.00000 223.00000 225.00000 225.00000 224.48000 224.48000 224.47000 224.46000 225.00000 226.00000 228.00000 227.00000 224.49000 224.49000 225.00000 225.00000 228.00000 226.00000 225.00000 224.00000 224.00000 223.49000 224.00000 222.66000 225.00000 224.00000 224.00000 224.00000 224.00000 223.78000 224.00000 224.00000
216.00000 217.00000 217.00000 216.00000 219.00000 216.79000 219.00000 218.00000 217.66000 219.00000 219.00000 219.00000 218.51000 219.00000 218.82000 218.83000 220.00000 220.00000 220.00000 220.00000 219.35000 221.00000 220.51000 221.00000 222.00000 222.00000 222.49000 222.51000 223.00000 223.00000 222.51000 224.01000 224.01000 224.01000 224.00000 223.99000 226.00000 227.00000 227.00000 224.47000 225.00000 224.00000 224.00000 227.00000 224.00000 225.00000 224.00000 224.00000 223.00000 223.00000 222.34000 222.23000 224.00000 223.38000 223.37000 223.37000 223.37000 223.37000 225.00000 227.00000
216.00000 216.00000 216.00000 218.00000 216.00000 216.49000 218.00000 217.00000 218.00000 218.00000 218.51000 218.49000 218.47000 218.47000 220.00000 220.00000 218.84000 220.00000 220.00000 219.35000 221.00000 221.00000 221.00000 221.00000 221.00000 222.00000 222.00000 223.00000 222.00000 222.49000 223.00000 224.00000 224.00000 224.00000 224.00000 223.98000 225.00000 224.47000 224.47000 224.00000 224.00000 225.00000 224.00000 224.00000 224.00000 224.00000 224.00000 224.00000 223.00000 223.00000 223.00000 222.22000 223.00000 223.00000 223.31000 223.31000 223.31000 223.30000 223.36000 225.00000
216.00000 215.39000 217.00000 215.82000 215.83000 218.00000 216.51000 218.00000 217.00000 218.00000 219.00000 218.47000 220.00000 218.48000 220.00000 221.00000 219.68000 219.49000 219.51000 221.00000 220.00000 221.00000 220.00000 220.00000 221.00000 221.00000 222.00000 222.00000 222.00000 222.00000 223.00000 223.00000 223.68000 223.66000 223.33000 223.33000 224.00000 224.00000 224.00000 224.00000 225.00000 224.00000 224.00000 224.00000 223.34000 224.00000 223.00000 223.00000 224.00000 223.00000 222.01000 222.00000 222.06000 224.00000 223.76000 223.75000 224.00000 223.25000 223.24000 225.00000
215.19000 216.00000 215.39000 215.59000 216.00000 215.84000 218.00000 216.51000 217.00000 219.00000 218.24000 218.22000 218.23000 218.49000 218.51000 219.66000 220.00000 220.00000 221.00000 220.00000 220.00000 220.00000 220.00000 221.00000 220.07000 221.00000 221.00000 221.00000 221.00000 222.00000 222.00000 222.41000 223.34000 223.34000 224.00000 223.32000 224.00000 223.99000 224.00000 224.01000 223.40000 223.41000 223.41000 223.34000 224.00000 224.00000 223.00000 223.00000 223.00000 223.00000 222.11000 222.03000 222.00000 223.00000 223.00000 223.50000 223.50000 223.49000 223.22000 225.00000
215.00000 215.18000 216.00000 216.00000 215.60000 217.00000 217.00000 217.00000 218.00000 218.51000 221.00000 218.10000 218.12000 220.00000 219.00000 219.66000 218.51000 221.00000 220.00000 220.00000 220.00000 220.00000 221.00000 220.07000 222.00000 221.00000 221.00000 221.00000 221.00000 221.00000 222.00000 223.00000 222.41000 224.00000 223.00000 223.00000 223.00000 223.00000 223.38000 223.40000 223.49000 223.51000 223.00000 223.32000 223.00000 223.00000 223.00000 223.00000 222.51000 223.00000 223.00000 223.00000 223.00000 221.00000 221.00000 223.00000 224.00000 223.22000 226.00000 227.00000
