infile/PID1KtoQ/adem2_500m_KtoQ.asc
ncols        120              
nrows        120              
xllcorner    73.600000000000  
yllcorner    32.099999999998  
cellsize     0.004166666667   
NODATA_value -9999            
[rows 78 to 103 of 120, columns 60 to 119 of 120]
214.00000 213.34000 214.00000 214.00000 214.00000 215.00000 215.00000 214.61000 215.00000 214.80000 214.81000 216.00000 216.49000 216.01000 216.01000 216.04000 216.06000 216.07000 217.00000 217.00000 218.00000 218.00000 218.00000 218.00000 218.00000 219.00000 219.00000 219.00000 219.00000 219.00000 218.17000 219.00000 219.00000 220.00000 219.00000 219.00000 219.50000 219.50000 219.51000 220.00000 221.00000 220.00000 221.00000 222.00000 221.00000 222.00000 223.00000 222.00000 222.00000 222.00000 222.00000 222.00000 222.00000 222.00000 222.00000 223.00000 222.00000 222.00000 223.00000 223.00000
213.09000 214.00000 214.00000 213.76000 215.00000 215.00000 214.51000 215.00000 214.60000 216.00000 216.00000 215.99000 216.01000 217.00000 216.02000 216.04000 216.06000 217.00000 217.00000 217.00000 217.00000 218.00000 218.00000 218.00000 218.00000 219.00000 218.00000 219.00000 219.00000 219.00000 219.00000 219.00000 219.00000 219.00000 219.00000 219.00000 220.00000 220.00000 219.00000 219.00000 220.00000 221.00000 221.00000 222.00000 222.00000 222.00000 222.00000 222.00000 222.00000 222.00000 222.00000 222.00000 222.00000 222.00000 222.00000 222.00000 222.00000 223.00000 223.00000 223.00000
214.00000 213.00000 213.59000 214.00000 213.75000 214.00000 214.49000 214.00000 215.00000 214.59000 217.00000 216.00000 216.01000 216.01000 217.00000 216.04000 216.06000 216.07000 216.49000 216.51000 217.00000 218.00000 217.00000 218.00000 218.00000 218.00000 219.00000 219.00000 218.00000 218.00000 219.00000 219.00000 219.00000 219.00000 220.00000 219.00000 219.00000 219.00000 220.00000 220.00000 220.00000 221.00000 221.00000 222.00000 222.00000 222.00000 222.00000 221.00000 221.00000 221.00000 221.00000 222.00000 222.00000 222.00000 222.00000 222.00000 222.00000 222.49000 222.51000 223.00000
212.68000 214.00000 213.00000 213.58000 213.75000 214.00000 214.00000 214.00000 214.59000 215.00000 216.00000 217.00000 217.00000 216.01000 217.00000 216.00000 217.00000 217.00000 216.49000 216.51000 217.00000 217.00000 217.00000 217.00000 217.00000 218.00000 218.00000 218.00000 218.00000 219.00000 218.00000 218.00000 218.49000 218.51000 219.00000 219.00000 220.00000 220.00000 220.00000 220.00000 221.00000 221.00000 222.00000 223.00000 222.00000 221.51000 222.00000 222.00000 221.00000 221.00000 221.00000 221.00000 221.00000 221.49000 222.00000 222.00000 222.00000 223.00000 225.00000 225.00000
214.00000 212.66000 213.00000 213.25000 213.27000 214.00000 214.00000 214.00000 215.00000 216.00000 216.00000 216.00000 217.00000 217.00000 217.00000 216.00000 216.00000 216.00000 217.00000 218.00000 217.00000 217.00000 219.00000 218.00000 217.00000 218.00000 218.00000 218.00000 218.00000 218.00000 218.00000 218.00000 219.00000 219.00000 220.00000 219.00000 219.00000 220.00000 220.00000 221.00000 221.00000 221.00000 221.00000 221.00000 222.00000 221.49000 222.00000 222.00000 221.00000 220.51000 221.00000 222.00000 221.00000 222.00000 221.51000 222.00000 222.00000 223.00000 226.00000 226.00000
213.00000 212.66000 213.00000 213.00000 213.52000 215.00000 215.00000 215.00000 214.00000 215.00000 215.00000 216.00000 217.00000 215.00000 216.00000 215.00000 218.00000 218.00000 217.00000 218.00000 218.00000 218.00000 218.00000 218.00000 218.00000 217.00000 218.00000 218.00000 219.00000 219.00000 219.00000 218.00000 219.00000 219.00000 219.00000 220.00000 220.00000 221.00000 221.00000 221.00000 221.00000 221.00000 221.00000 221.00000 221.00000 222.00000 220.30000 222.00000 220.28000 220.28000 221.00000 222.00000 222.00000 222.00000 222.00000 222.00000 222.00000 223.00000 226.00000 225.00000
212.30000 214.00000 213.00000 213.00000 214.00000 213.53000 214.00000 215.00000 214.00000 215.00000 215.00000 215.00000 216.00000 214.00000 215.00000 215.00000 217.00000 217.00000 217.00000 217.00000 217.00000 217.00000 217.00000 217.00000 217.00000 216.68000 218.00000 217.00000 218.00000 218.00000 218.00000 219.00000 219.00000 220.00000 220.00000 220.00000 221.00000 221.00000 220.00000 221.00000 221.00000 221.00000 221.00000 221.00000 221.00000 221.00000 221.00000 220.27000 221.00000 220.29000 221.00000 222.00000 223.00000 223.00000 223.00000 223.00000 223.00000 223.00000 225.00000 225.00000
213.00000 214.00000 213.00000 213.49000 213.50000 214.00000 215.00000 214.00000 215.00000 215.00000 216.00000 216.00000 215.00000 214.51000 214.00000 215.00000 216.00000 216.00000 216.00000 218.00000 217.00000 216.00000 216.00000 217.00000 216.55000 216.66000 217.00000 218.00000 218.00000 218.00000 218.00000 218.49000 219.00000 220.00000 219.00000 221.00000 221.00000 220.00000 221.00000 222.00000 221.00000 222.00000 221.00000 221.00000 221.00000 221.00000 221.00000 220.27000 220.49000 220.51000 221.00000 223.00000 223.00000 222.00000 222.00000 223.00000 222.00000 223.00000 224.00000 224.00000
212.43000 212.43000 212.59000 214.00000 214.00000 213.50000 213.51000 214.00000 214.00000 215.00000 215.00000 215.00000 215.00000 214.49000 213.97000 213.97000 213.98000 215.00000 216.00000 216.00000 216.00000 216.00000 217.00000 216.56000 217.00000 216.55000 217.00000 217.66000 217.66000 217.68000 219.00000 219.00000 218.51000 219.00000 219.00000 220.00000 220.00000 220.00000 220.00000 220.00000 221.00000 221.00000 220.06000 220.06000 221.00000 221.00000 220.18000 220.18000 221.00000 221.00000 221.00000 221.00000 222.00000 221.00000 222.00000 222.00000 223.00000 223.00000 223.00000 223.00000
212.68000 212.44000 213.00000 213.00000 213.00000 214.00000 213.00000 214.00000 214.00000 215.00000 215.00000 215.00000 214.00000 213.97000 215.00000 215.00000 215.00000 213.98000 215.00000 215.00000 215.00000 215.00000 215.00000 216.00000 216.00000 216.00000 217.00000 218.00000 218.00000 218.00000 219.00000 219.00000 218.51000 219.00000 220.00000 220.00000 220.00000 221.00000 220.00000 220.00000 220.00000 221.00000 220.03000 220.03000 220.00000 220.18000 221.00000 221.00000 221.00000 221.00000 221.00000 221.00000 222.00000 221.00000 222.00000 222.00000 222.00000 223.00000 223.00000 222.00000
213.00000 213.32000 213.00000 213.00000 213.00000 213.00000 213.00000 214.00000 214.00000 214.00000 215.00000 215.00000 213.97000 215.00000 215.00000 216.00000 216.00000 215.24000 213.98000 214.49000 214.51000 215.00000 214.15000 215.00000 215.49000 216.00000 217.00000 217.00000 218.00000 218.00000 218.00000 218.49000 218.49000 218.51000 219.00000 220.00000 220.00000 220.00000 220.00000 220.00000 220.00000 220.00000 219.74000 221.00000 219.88000 219.88000 221.00000 221.00000 220.02000 220.09000 221.00000 221.00000 221.00000 221.00000 221.34000 222.00000 222.00000 223.00000 222.00000 222.00000
213.00000 213.00000 213.34000 213.34000 213.00000 213.00000 213.00000 213.00000 214.00000 215.00000 217.00000 216.00000 213.97000 216.00000 216.00000 215.00000 215.51000 215.25000 214.00000 213.98000 213.99000 214.14000 214.15000 214.15000 215.51000 216.00000 217.00000 217.00000 218.00000 218.00000 218.00000 218.00000 219.00000 219.00000 219.00000 219.00000 219.00000 220.00000 220.00000 220.00000 220.00000 220.00000 219.72000 221.00000 219.88000 220.00000 219.89000 220.02000 220.00000 220.00000 220.06000 220.06000 222.00000 220.34000 221.32000 221.66000 221.68000 222.00000 222.00000 222.00000
213.00000 213.00000 213.00000 213.00000 213.00000 213.00000 214.00000 214.00000 214.00000 215.00000 215.00000 215.00000 213.97000 215.00000 216.00000 215.00000 215.00000 215.00000 214.51000 214.49000 213.99000 214.00000 214.00000 214.30000 215.00000 216.00000 216.00000 217.00000 217.00000 217.00000 217.00000 218.00000 219.00000 219.00000 219.00000 219.00000 219.00000 220.00000 220.00000 220.00000 220.00000 220.00000 220.00000 219.72000 220.00000 220.00000 219.89000 220.00000 220.00000 220.00000 220.00000 220.06000 221.00000 220.34000 221.00000 222.00000 222.00000 222.00000 223.00000 221.00000
214.00000 213.00000 213.00000 213.00000 213.00000 214.00000 214.00000 215.00000 215.00000 215.00000 216.00000 215.00000 213.97000 215.00000 215.00000 215.00000 215.00000 215.00000 215.00000 214.02000 214.00000 213.99000 214.00000 214.05000 215.00000 215.00000 215.00000 217.00000 216.00000 217.00000 218.00000 219.00000 219.00000 219.00000 219.00000 219.00000 220.00000 219.00000 220.00000 220.00000 220.00000 220.00000 219.72000 220.00000 220.00000 220.00000 220.00000 219.68000 220.00000 220.00000 220.00000 221.00000 220.05000 220.24000 220.51000 221.00000 221.00000 221.00000 221.00000 221.00000
214.00000 213.09000 213.00000 214.00000 213.00000 213.00000 215.00000 216.00000 216.00000 216.00000 214.00000 214.00000 213.97000 215.00000 215.00000 215.00000 215.00000 214.06000 214.05000 214.03000 214.00000 214.00000 214.04000 214.04000 215.00000 215.00000 215.00000 216.00000 216.00000 217.00000 218.00000 219.00000 219.00000 219.00000 219.00000 219.00000 220.00000 221.00000 220.00000 220.51000 220.00000 220.00000 219.72000 220.00000 220.00000 220.00000 220.00000 219.66000 220.00000 219.51000 220.00000 220.00000 220.00000 221.00000 220.25000 221.00000 222.00000 221.00000 222.00000 222.00000
213.00000 213.08000 214.00000 213.00000 214.00000 214.00000 215.00000 216.00000 216.00000 216.00000 215.00000 214.00000 213.96000 215.00000 215.00000 215.00000 214.07000 214.05000 214.05000 214.05000 214.06000 214.05000 214.04000 214.14000 215.00000 216.00000 215.00000 216.00000 216.00000 217.00000 217.00000 218.00000 218.00000 218.49000 218.51000 221.00000 220.00000 220.00000 219.00000 221.00000 220.49000 219.00000 220.00000 220.00000 220.00000 220.00000 219.00000 219.00000 219.66000 219.49000 220.00000 220.00000 220.00000 220.00000 220.00000 221.00000 221.00000 222.00000 221.08000 221.17000
213.05000 213.06000 214.00000 214.00000 214.00000 216.00000 215.00000 217.00000 216.00000 216.00000 214.00000 213.96000 215.00000 215.00000 215.00000 214.07000 215.00000 214.05000 214.06000 214.06000 214.08000 214.07000 215.00000 215.00000 214.15000 215.00000 216.00000 216.00000 217.00000 216.51000 217.00000 218.00000 217.00000 219.00000 219.00000 219.00000 219.00000 219.00000 219.00000 220.00000 219.00000 220.00000 220.00000 220.00000 219.00000 219.00000 219.00000 219.00000 219.00000 219.00000 220.00000 220.00000 220.00000 220.00000 222.00000 221.00000 221.00000 221.00000 221.03000 221.17000
213.34000 213.34000 214.00000 215.00000 214.00000 215.00000 215.00000 216.00000 215.00000 215.00000 213.96000 215.00000 215.00000 214.00000 215.00000 214.07000 214.06000 214.06000 215.00000 214.06000 214.09000 214.15000 214.12000 214.15000 215.00000 216.00000 216.00000 216.00000 216.49000 217.00000 217.00000 217.00000 218.00000 218.00000 218.00000 218.00000 218.00000 219.00000 219.00000 219.00000 219.00000 219.00000 220.00000 220.00000 220.00000 219.00000 219.00000 219.00000 220.00000 219.00000 220.00000 220.00000 220.00000 220.00000 221.00000 221.00000 221.00000 221.00000 221.04000 221.25000
214.00000 214.00000 214.00000 214.00000 215.00000 216.00000 215.00000 215.00000 215.00000 213.96000 214.00000 215.00000 214.00000 215.00000 215.00000 215.00000 214.08000 214.49000 215.00000 216.00000 215.00000 214.15000 215.00000 215.00000 215.00000 216.00000 216.00000 217.00000 217.00000 218.00000 217.00000 217.00000 217.00000 217.00000 218.00000 218.00000 219.00000 219.00000 220.00000 219.00000 219.00000 220.00000 219.00000 219.00000 219.00000 219.00000 219.00000 219.00000 219.00000 219.23000 220.00000 220.00000 220.00000 220.00000 220.00000 221.00000 221.00000 221.00000 221.00000 221.26000
214.00000 214.00000 215.00000 216.00000 215.00000 215.00000 216.00000 215.00000 213.96000 215.00000 215.00000 214.00000 215.00000 215.00000 215.00000 214.08000 214.08000 215.00000 214.51000 215.00000 214.49000 215.49000 216.00000 216.00000 216.00000 216.00000 216.00000 217.00000 217.00000 218.00000 217.00000 217.00000 217.00000 217.00000 218.00000 218.00000 217.40000 219.00000 219.00000 218.00000 219.00000 220.00000 219.00000 220.00000 219.00000 219.00000 219.00000 219.00000 219.00000 219.00000 219.22000 220.00000 219.66000 219.68000 220.00000 220.00000 221.00000 221.00000 221.00000 221.00000
214.00000 214.00000 215.00000 215.00000 215.00000 214.51000 214.49000 214.00000 213.51000 215.00000 215.00000 215.00000 215.00000 215.00000 215.00000 214.08000 215.00000 216.00000 215.00000 215.00000 214.51000 215.00000 215.51000 216.00000 216.00000 216.00000 217.00000 218.00000 217.00000 218.00000 217.21000 218.00000 217.00000 218.00000 217.51000 217.49000 217.42000 217.40000 217.38000 219.00000 219.00000 219.00000 219.00000 219.00000 219.00000 219.00000 219.00000 220.01000 220.00000 219.00000 220.00000 219.21000 220.00000 220.00000 220.00000 220.00000 220.00000 220.00000 221.00000 221.00000
215.00000 215.00000 215.00000 216.00000 216.00000 215.00000 215.00000 213.51000 214.00000 214.00000 215.00000 214.00000 214.00000 215.00000 215.00000 214.09000 215.00000 216.00000 216.00000 215.00000 215.00000 215.00000 216.00000 216.00000 216.00000 217.00000 217.00000 217.19000 217.20000 217.20000 217.20000 217.99000 218.00000 218.00000 218.00000 218.00000 218.00000 218.00000 217.38000 218.00000 218.00000 218.00000 219.00000 219.00000 218.00000 218.34000 218.66000 219.99000 220.00000 219.00000 219.00000 219.00000 220.00000 220.00000 220.00000 220.00000 220.00000 221.00000 221.00000 221.00000
215.00000 216.00000 216.00000 216.00000 216.00000 216.00000 214.00000 213.32000 213.34000 214.00000 215.00000 215.00000 214.00000 215.00000 215.00000 215.00000 215.00000 216.00000 215.00000 216.00000 217.00000 217.00000 217.00000 217.00000 217.00000 217.00000 217.00000 217.00000 217.00000 217.00000 217.99000 217.99000 218.01000 218.00000 218.00000 218.00000 217.28000 217.28000 217.28000 217.14000 218.00000 218.00000 218.00000 217.56000 217.58000 217.96000 220.00000 218.66000 219.00000 219.00000 219.00000 219.00000 220.00000 219.51000 219.98000 220.00000 220.00000 220.00000 221.00000 222.00000
216.00000 215.00000 215.00000 216.00000 215.00000 215.00000 215.00000 213.32000 214.00000 214.00000 215.00000 214.00000 214.00000 214.00000 215.00000 215.00000 215.00000 216.00000 216.00000 216.00000 216.51000 217.00000 218.00000 217.00000 217.00000 217.00000 217.00000 217.00000 217.00000 216.89000 218.00000 218.00000 218.01000 218.00000 218.00000 218.00000 218.00000 217.23000 217.23000 217.14000 217.21000 217.28000 217.33000 218.00000 217.58000 217.97000 218.68000 219.00000 219.00000 219.00000 219.00000 219.00000 219.24000 220.00000 220.00000 219.98000 219.99000 221.00000 222.00000 221.00000
215.00000 215.00000 215.00000 215.00000 214.51000 214.49000 213.00000 213.00000 213.00000 214.00000 214.00000 215.00000 214.00000 215.00000 215.00000 215.00000 215.00000 216.00000 215.00000 216.00000 216.00000 216.49000 216.00000 217.00000 217.00000 217.00000 217.00000 216.88000 216.88000 218.00000 218.00000 218.00000 218.01000 219.00000 219.00000 218.00000 217.17000 217.17000 217.14000 218.00000 217.22000 217.28000 217.33000 217.36000 217.59000 217.97000 218.21000 219.00000 220.00000 219.00000 220.00000 221.00000 219.25000 220.00000 220.00000 220.00000 220.00000 220.00000 220.00000 220.00000
215.00000 215.00000 215.00000 214.00000 214.00000 215.00000 214.00000 213.00000 214.00000 214.00000 215.00000 214.00000 214.00000 214.00000 214.68000 215.00000 215.00000 215.00000 215.00000 215.74000 216.00000 216.00000 216.87000 216.87000 216.87000 216.87000 216.87000 217.00000 218.00000 218.00000 218.00000 218.00000 218.00000 218.00000 218.00000 218.00000 218.00000 217.12000 217.12000 218.00000 218.00000 218.00000 218.00000 217.36000 217.59000 217.98000 218.21000 218.25000 219.00000 219.00000 221.00000 223.00000 220.00000 220.00000 220.00000 221.00000 220.00000 221.00000 220.01000 220.00000
