infile/PID1KtoQ/adem2_500m_KtoQ.asc
ncols        120              
nrows        120              
xllcorner    73.600000000000  
yllcorner    32.099999999998  
cellsize     0.004166666667   
NODATA_value -9999            
[rows 52 to 77 of 120, columns 60 to 119 of 120]
213.44000 215.00000 214.00000 215.00000 215.00000 215.00000 214.00000 214.00000 212.00000 211.27000 211.27000 216.00000 218.00000 216.00000 217.00000 218.00000 218.00000 219.00000 218.00000 218.00000 219.00000 218.21000 218.00000 218.13000 219.00000 219.00000 220.00000 221.00000 220.00000 220.00000 219.41000 220.00000 220.00000 220.00000 220.00000 220.00000 220.00000 220.00000 220.00000 221.00000 222.00000 222.00000 222.00000 223.00000 223.00000 223.00000 223.00000 223.00000 222.38000 222.39000 224.00000 224.00000 224.00000 224.17000 224.19000 224.19000 225.00000 225.00000 225.00000 227.00000
215.00000 213.46000 213.46000 214.00000 213.51000 214.51000 213.75000 212.00000 211.27000 214.00000 215.00000 216.00000 216.00000 217.00000 217.00000 217.00000 218.00000 218.00000 219.00000 218.00000 218.22000 218.00000 219.00000 218.15000 219.00000 220.00000 220.49000 220.49000 220.00000 220.00000 221.00000 220.00000 220.49000 220.00000 220.00000 220.00000 221.00000 221.00000 221.00000 223.00000 223.00000 222.00000 223.00000 222.00000 222.00000 222.00000 223.00000 223.00000 225.00000 223.00000 223.00000 223.00000 224.00000 225.00000 225.00000 225.00000 224.25000 225.00000 225.00000 225.00000
212.00000 213.00000 213.00000 213.00000 213.49000 212.00000 213.74000 211.27000 214.00000 215.00000 216.00000 216.00000 216.20000 218.00000 218.00000 217.00000 218.00000 218.00000 218.00000 218.00000 218.23000 218.34000 218.15000 218.23000 218.34000 219.01000 220.51000 220.51000 221.00000 220.00000 221.00000 220.00000 221.00000 220.51000 220.00000 221.00000 221.00000 222.00000 223.00000 222.00000 223.00000 222.00000 222.00000 222.79000 223.00000 223.00000 223.00000 224.00000 223.00000 224.00000 224.00000 224.00000 224.00000 225.00000 224.00000 224.00000 225.00000 225.00000 224.00000 225.00000
212.00000 213.00000 212.00000 212.00000 211.26000 211.26000 211.26000 215.00000 216.00000 216.00000 215.00000 216.00000 216.19000 217.00000 218.00000 217.00000 217.00000 217.32000 218.00000 217.34000 218.00000 218.00000 218.00000 219.00000 219.00000 219.00000 220.00000 220.00000 220.00000 220.00000 221.00000 221.00000 221.00000 221.00000 221.00000 221.00000 222.00000 222.00000 222.00000 222.00000 222.00000 223.00000 223.00000 223.00000 222.80000 224.00000 223.00000 223.25000 223.24000 223.00000 223.44000 223.44000 223.44000 223.76000 224.00000 224.00000 224.00000 224.00000 225.00000 225.00000
211.24000 211.24000 211.25000 211.25000 212.00000 216.00000 215.32000 215.83000 216.00000 216.00000 216.00000 215.00000 216.00000 216.40000 216.60000 216.60000 216.61000 218.00000 217.34000 218.00000 217.49000 217.51000 217.99000 217.99000 218.01000 218.01000 219.00000 219.00000 220.00000 220.00000 221.00000 221.00000 221.00000 221.00000 221.00000 221.00000 222.00000 222.00000 222.00000 222.00000 222.00000 223.00000 223.00000 223.00000 223.00000 222.80000 223.00000 224.00000 223.51000 224.00000 224.00000 224.00000 224.00000 223.46000 224.00000 224.00000 225.00000 224.00000 225.00000 225.00000
214.81000 215.00000 215.00000 216.00000 215.00000 215.34000 216.00000 216.00000 215.83000 217.00000 217.51000 217.00000 217.00000 216.40000 218.00000 217.00000 217.00000 218.00000 218.00000 218.00000 218.00000 220.00000 218.00000 218.00000 219.00000 219.00000 219.00000 219.00000 219.00000 220.00000 220.00000 221.00000 223.00000 221.00000 221.00000 222.00000 222.00000 222.00000 222.00000 222.00000 223.00000 223.00000 223.00000 223.00000 223.00000 222.80000 224.00000 223.00000 224.00000 224.00000 224.00000 224.00000 224.00000 223.46000 224.00000 224.00000 224.00000 225.00000 225.00000 224.00000
215.00000 214.82000 215.00000 215.00000 215.00000 215.00000 215.34000 217.00000 215.83000 217.49000 218.00000 217.00000 217.00000 217.00000 217.00000 217.00000 217.00000 218.00000 218.00000 219.00000 218.00000 218.00000 219.00000 219.00000 219.00000 220.00000 219.00000 219.00000 220.00000 220.00000 221.00000 220.00000 221.00000 221.00000 221.00000 221.00000 222.00000 221.00000 222.00000 223.00000 224.00000 222.49000 222.51000 223.00000 223.00000 223.00000 222.81000 224.00000 223.00000 223.08000 224.00000 223.09000 224.00000 224.00000 224.11000 224.13000 225.00000 224.00000 225.00000 225.00000
215.00000 214.82000 215.00000 215.00000 215.00000 216.00000 216.00000 216.00000 217.00000 215.83000 215.83000 215.83000 217.00000 217.00000 217.00000 217.00000 217.00000 216.51000 218.00000 218.00000 218.00000 218.00000 219.00000 218.00000 218.00000 220.00000 218.51000 219.00000 219.00000 219.00000 220.00000 220.00000 220.00000 221.00000 221.00000 221.00000 222.00000 221.00000 222.00000 223.00000 222.00000 223.00000 223.00000 223.00000 223.00000 223.00000 223.00000 223.00000 224.00000 224.00000 223.08000 223.11000 223.11000 223.11000 224.25000 224.51000 224.00000 224.00000 224.01000 224.00000
215.00000 215.00000 214.83000 215.00000 215.00000 216.00000 216.00000 216.00000 218.00000 216.00000 216.00000 216.00000 215.83000 216.00000 217.00000 217.00000 217.00000 216.50000 217.00000 217.00000 218.00000 218.00000 218.00000 218.00000 219.00000 219.00000 219.00000 218.49000 219.00000 219.49000 219.51000 220.00000 221.00000 220.51000 221.00000 222.00000 221.00000 222.00000 222.00000 222.00000 222.00000 222.00000 222.51000 223.00000 224.00000 223.00000 223.00000 224.00000 223.00000 223.07000 224.00000 224.00000 223.15000 224.00000 224.00000 224.00000 224.00000 223.68000 224.01000 224.00000
215.00000 215.00000 214.83000 216.00000 215.00000 216.00000 216.00000 216.00000 217.00000 216.00000 216.00000 217.00000 215.84000 216.00000 216.00000 216.00000 216.00000 216.50000 217.00000 217.00000 217.00000 218.00000 217.67000 218.00000 219.00000 218.00000 218.00000 219.00000 219.00000 219.00000 220.00000 220.00000 220.11000 220.13000 221.00000 222.00000 222.00000 222.00000 222.00000 222.00000 222.00000 222.49000 223.00000 223.00000 223.00000 223.00000 223.06000 223.07000 223.07000 224.00000 224.00000 224.00000 224.00000 224.00000 224.00000 224.00000 224.00000 223.66000 226.00000 224.00000
214.00000 214.84000 215.00000 215.01000 215.01000 215.49000 215.51000 218.00000 217.00000 217.00000 216.00000 216.00000 215.85000 217.00000 217.00000 216.00000 216.49000 217.00000 217.00000 218.00000 218.00000 218.00000 217.67000 217.26000 217.45000 218.00000 218.00000 219.00000 219.00000 219.00000 219.00000 220.00000 221.00000 220.25000 221.00000 221.00000 221.00000 221.00000 222.00000 222.00000 221.34000 222.00000 222.00000 222.00000 222.00000 223.00000 223.00000 224.00000 223.00000 223.00000 224.00000 224.00000 223.26000 224.00000 224.00000 224.00000 224.00000 223.66000 223.98000 224.00000
214.00000 215.00000 216.00000 216.00000 215.01000 215.01000 216.00000 217.00000 216.00000 217.00000 216.00000 215.86000 215.85000 217.00000 217.00000 217.00000 216.02000 217.00000 217.00000 218.00000 218.00000 218.00000 217.66000 217.25000 217.39000 218.00000 219.00000 219.00000 219.00000 220.00000 220.00000 221.00000 220.00000 220.00000 221.00000 221.00000 221.00000 221.00000 221.00000 221.17000 221.08000 221.34000 222.00000 223.00000 223.00000 223.00000 223.00000 223.00000 223.00000 224.00000 223.00000 223.25000 224.00000 224.00000 224.00000 225.00000 224.00000 223.00000 224.00000 224.00000
215.00000 215.00000 216.00000 215.01000 216.00000 216.00000 216.00000 216.00000 217.00000 215.87000 215.86000 216.00000 216.00000 216.00000 217.00000 218.00000 216.02000 217.00000 217.00000 217.00000 217.00000 217.00000 217.25000 218.00000 217.40000 218.66000 219.00000 219.00000 219.00000 220.00000 221.00000 220.00000 221.00000 221.00000 221.00000 220.16000 220.21000 221.00000 221.00000 221.00000 221.07000 221.49000 222.00000 223.00000 223.00000 223.00000 223.00000 223.00000 223.00000 223.00000 223.00000 223.25000 223.06000 223.13000 223.00000 224.00000 223.00000 223.00000 224.00000 224.00000
215.00000 216.00000 216.00000 216.00000 216.00000 216.00000 217.00000 216.00000 216.00000 216.00000 216.00000 216.00000 217.00000 216.01000 216.01000 216.02000 216.02000 217.00000 218.00000 217.00000 217.00000 217.00000 217.00000 218.00000 218.00000 219.00000 218.66000 218.68000 220.00000 220.00000 220.00000 220.00000 220.49000 220.10000 220.06000 220.13000 220.13000 221.00000 221.00000 221.00000 221.00000 222.00000 221.51000 222.00000 222.00000 223.00000 223.00000 223.00000 223.00000 223.00000 224.00000 224.00000 223.05000 224.00000 223.00000 223.00000 223.00000 224.00000 225.00000 224.00000
215.00000 217.00000 216.00000 216.00000 216.00000 216.00000 216.00000 216.00000 216.00000 217.00000 216.00000 217.00000 217.00000 216.01000 216.02000 216.02000 216.02000 216.02000 217.00000 217.00000 217.00000 217.00000 217.00000 218.00000 218.00000 218.00000 218.00000 219.00000 220.00000 220.00000 220.00000 221.00000 220.51000 221.00000 220.05000 220.07000 220.51000 221.00000 221.00000 221.00000 221.00000 222.00000 222.00000 222.00000 222.00000 222.00000 222.00000 221.51000 223.00000 222.00000 223.00000 223.00000 223.00000 223.00000 223.00000 223.00000 224.00000 224.00000 225.00000 224.68000
214.51000 216.00000 216.00000 216.00000 217.00000 217.00000 217.00000 216.00000 216.00000 216.00000 216.00000 217.00000 217.00000 217.00000 216.05000 216.03000 216.02000 216.05000 216.11000 216.15000 216.16000 217.00000 218.00000 217.00000 217.49000 219.00000 218.00000 220.00000 221.00000 220.00000 221.00000 220.00000 220.00000 220.04000 220.03000 220.02000 220.28000 220.27000 221.00000 221.00000 221.00000 221.00000 221.00000 222.00000 222.00000 222.00000 222.00000 221.50000 222.00000 222.00000 222.49000 223.00000 223.00000 223.00000 223.00000 224.00000 223.49000 223.51000 224.66000 224.66000
214.49000 215.00000 216.00000 216.00000 217.00000 216.00000 216.00000 216.00000 216.00000 216.00000 217.00000 216.00000 216.00000 216.05000 217.00000 216.03000 216.03000 216.06000 216.12000 216.19000 217.00000 217.00000 218.00000 219.00000 219.00000 217.51000 219.00000 220.00000 220.00000 220.00000 221.00000 220.00000 221.00000 221.00000 220.00000 220.00000 220.00000 221.00000 220.26000 221.00000 220.34000 220.49000 222.00000 222.00000 222.00000 221.49000 221.50000 222.00000 222.00000 223.00000 222.51000 223.00000 223.00000 223.00000 224.00000 225.00000 225.00000 225.00000 225.00000 225.00000
216.00000 215.00000 214.26000 216.00000 217.00000 215.00000 216.00000 215.23000 215.15000 215.34000 216.00000 216.00000 216.00000 216.05000 216.05000 216.03000 217.00000 216.06000 217.00000 217.00000 217.00000 217.00000 217.00000 218.00000 218.00000 219.00000 219.49000 220.00000 220.00000 220.00000 220.00000 220.00000 221.00000 222.00000 219.34000 220.00000 220.00000 220.00000 221.00000 220.34000 221.00000 221.49000 220.51000 221.00000 221.00000 221.00000 222.00000 222.00000 222.00000 222.00000 223.00000 223.00000 223.00000 224.00000 224.00000 224.00000 224.00000 225.00000 224.00000 225.00000
215.00000 215.00000 214.26000 215.00000 215.00000 216.00000 217.00000 216.00000 215.15000 216.00000 216.00000 216.49000 216.00000 216.06000 218.00000 218.00000 217.00000 217.00000 217.00000 218.00000 217.00000 218.00000 218.00000 217.00000 218.00000 219.00000 219.00000 219.51000 220.00000 219.00000 220.00000 220.00000 219.13000 219.15000 219.15000 219.51000 219.50000 220.00000 221.00000 221.00000 221.00000 221.51000 221.00000 221.00000 222.00000 222.00000 222.00000 222.00000 223.00000 222.00000 223.00000 223.00000 224.00000 223.00000 223.00000 224.00000 224.00000 225.00000 224.00000 223.00000
216.00000 215.00000 214.25000 215.00000 215.00000 215.00000 215.00000 215.13000 215.00000 216.00000 219.00000 217.00000 216.51000 216.06000 216.06000 217.00000 216.49000 216.51000 217.00000 217.00000 217.00000 217.00000 217.00000 218.00000 219.00000 219.00000 219.00000 220.00000 219.00000 220.00000 219.00000 218.49000 218.51000 219.23000 220.00000 219.25000 219.50000 220.00000 221.00000 220.00000 221.00000 221.00000 220.68000 221.00000 222.00000 222.00000 223.00000 223.00000 222.00000 222.00000 223.00000 223.00000 224.00000 223.00000 223.00000 223.00000 224.00000 224.00000 224.00000 224.00000
214.17000 214.17000 214.16000 214.45000 215.00000 217.00000 217.00000 215.00000 215.00000 216.00000 216.00000 216.00000 216.00000 216.00000 216.11000 216.06000 216.15000 217.00000 217.00000 217.00000 217.00000 217.00000 218.00000 219.00000 218.00000 218.00000 219.00000 218.00000 218.00000 219.00000 219.00000 218.00000 219.00000 219.00000 219.00000 219.24000 220.00000 220.00000 220.00000 220.00000 221.00000 220.66000 221.00000 222.00000 222.00000 222.00000 222.00000 222.00000 223.00000 223.00000 223.00000 223.00000 224.00000 223.00000 224.00000 224.00000 223.26000 224.00000 224.00000 224.00000
214.00000 216.00000 214.16000 215.00000 214.45000 216.00000 215.00000 215.00000 215.00000 215.24000 216.00000 216.00000 216.00000 216.04000 216.06000 216.08000 216.16000 217.00000 217.00000 216.23000 217.00000 217.00000 219.00000 219.00000 219.00000 218.00000 217.25000 218.00000 218.00000 218.00000 218.00000 218.51000 219.00000 219.00000 219.00000 220.00000 220.00000 220.00000 220.00000 220.00000 220.00000 220.66000 221.00000 222.00000 222.00000 221.51000 222.00000 223.00000 224.00000 222.00000 223.00000 223.00000 223.00000 223.00000 223.24000 223.25000 223.25000 224.00000 224.00000 224.00000
213.77000 214.10000 215.00000 215.00000 214.46000 215.00000 216.00000 216.00000 216.00000 216.00000 215.25000 215.25000 215.49000 216.00000 216.22000 216.23000 217.00000 218.00000 216.34000 216.22000 217.00000 217.00000 218.00000 218.00000 218.00000 217.00000 217.24000 217.25000 217.66000 218.00000 218.49000 219.00000 219.00000 219.00000 219.00000 219.00000 219.62000 219.62000 219.75000 220.00000 220.00000 220.00000 221.00000 221.00000 221.49000 222.00000 222.00000 222.00000 223.00000 223.00000 222.00000 222.00000 222.00000 223.00000 223.00000 224.00000 224.00000 225.00000 225.00000 224.00000
213.78000 214.10000 215.00000 215.00000 214.46000 214.46000 216.00000 216.00000 215.34000 216.00000 216.00000 215.26000 215.51000 216.00000 216.34000 216.25000 217.00000 216.10000 216.10000 216.21000 217.00000 217.00000 217.00000 217.00000 217.00000 217.00000 217.00000 217.26000 218.00000 217.66000 217.68000 219.00000 219.00000 219.00000 219.49000 219.00000 219.00000 219.62000 220.00000 219.76000 221.00000 221.00000 221.00000 221.00000 222.00000 221.00000 222.00000 223.00000 223.00000 223.00000 222.00000 222.00000 223.00000 223.00000 223.00000 223.00000 223.00000 223.00000 223.00000 223.00000
215.00000 215.00000 215.00000 215.00000 215.00000 215.00000 215.32000 215.34000 215.51000 216.00000 216.00000 216.00000 216.00000 217.00000 216.03000 216.26000 216.25000 217.00000 216.07000 216.09000 217.00000 218.00000 218.00000 217.00000 218.00000 217.00000 217.00000 218.00000 218.00000 218.00000 219.00000 218.17000 218.34000 219.00000 219.51000 219.00000 219.00000 221.00000 219.63000 221.00000 223.00000 221.00000 221.00000 221.00000 221.00000 222.00000 222.00000 223.00000 223.00000 222.00000 222.00000 222.00000 223.00000 223.00000 222.00000 223.00000 223.00000 223.00000 223.00000 223.00000
213.34000 214.00000 214.00000 214.00000 215.00000 215.00000 215.00000 215.00000 216.00000 215.49000 216.00000 216.00000 216.51000 217.00000 216.03000 217.00000 217.00000 216.24000 216.07000 217.00000 217.00000 217.00000 218.00000 218.00000 218.00000 219.00000 219.00000 219.00000 219.00000 219.00000 218.15000 218.17000 219.00000 219.00000 219.00000 220.00000 219.49000 219.99000 220.01000 220.00000 221.00000 221.00000 221.00000 221.00000 222.00000 222.00000 222.00000 223.00000 223.00000 223.00000 223.00000 223.00000 222.00000 222.00000 222.00000 223.00000 223.00000 223.00000 223.00000 223.00000
