infile/PID1KtoQ/adem2_500m_KtoQ.asc
ncols        120              
nrows        120              
xllcorner    73.600000000000  
yllcorner    32.099999999998  
cellsize     0.004166666667   
NODATA_value -9999            
[rows 0 to 25 of 120, columns 0 to 59 of 120]
221.00000 222.00000 222.00000 222.00000 222.00000 222.00000 221.00000 220.00000 221.00000 221.00000 220.00000 220.00000 219.00000 219.00000 220.00000 219.00000 219.00000 219.00000 218.20000 219.00000 219.00000 219.00000 219.00000 218.51000 219.00000 219.00000 219.00000 220.00000 219.00000 219.00000 220.00000 221.00000 220.00000 220.00000 220.00000 220.00000 220.00000 219.41000 220.00000 220.00000 221.00000 221.00000 223.00000 223.00000 223.00000 223.00000 223.00000 223.00000 224.00000 224.00000 226.00000 226.00000 225.00000 226.00000 226.00000 225.51000 225.49000 227.00000 228.00000 228.00000
222.00000 221.00000 222.00000 223.00000 222.00000 222.00000 221.00000 221.00000 220.00000 219.27000 220.00000 219.25000 219.00000 220.00000 219.00000 219.00000 218.22000 218.20000 219.00000 218.00000 218.00000 219.00000 219.00000 218.00000 218.49000 219.00000 218.00000 219.00000 219.00000 219.00000 219.00000 219.00000 221.00000 219.00000 221.00000 220.00000 220.00000 219.41000 219.30000 219.29000 220.00000 221.00000 222.51000 224.00000 222.00000 222.00000 223.00000 224.00000 225.00000 225.00000 225.00000 226.00000 226.00000 225.00000 225.00000 225.00000 225.00000 226.00000 226.00000 228.00000
221.00000 221.00000 222.00000 222.00000 222.00000 222.00000 222.00000 220.00000 219.41000 219.40000 219.26000 220.00000 220.00000 220.00000 219.00000 218.22000 218.29000 219.00000 219.00000 218.00000 219.00000 218.00000 218.00000 218.00000 221.00000 218.00000 218.00000 220.00000 217.51000 218.49000 219.00000 219.00000 219.00000 219.00000 220.00000 220.00000 219.00000 219.31000 220.00000 220.00000 219.28000 221.00000 222.25000 222.24000 222.00000 225.00000 225.00000 224.00000 225.00000 225.00000 225.00000 226.00000 225.00000 224.00000 225.00000 225.00000 225.00000 226.00000 226.00000 226.00000
221.00000 222.00000 222.00000 222.00000 222.00000 221.00000 220.00000 219.41000 220.00000 220.00000 220.00000 220.00000 220.00000 220.00000 219.00000 218.29000 219.00000 219.00000 219.00000 218.00000 218.00000 217.00000 218.00000 217.00000 217.00000 218.00000 217.00000 217.25000 217.24000 218.00000 218.51000 219.00000 219.00000 219.00000 219.00000 219.00000 219.00000 220.00000 219.00000 219.00000 220.00000 221.00000 222.00000 222.00000 223.00000 224.00000 224.00000 225.00000 223.00000 224.00000 225.00000 225.00000 225.00000 224.00000 223.67000 223.67000 225.00000 225.00000 225.00000 225.00000
220.00000 221.00000 221.00000 221.00000 220.00000 220.00000 220.00000 221.00000 221.00000 221.00000 220.00000 220.00000 219.51000 219.49000 218.29000 219.00000 219.00000 219.00000 219.00000 218.00000 219.00000 218.00000 217.00000 217.00000 216.01000 216.00000 216.01000 217.00000 217.00000 217.00000 219.00000 217.00000 219.00000 219.00000 220.00000 219.00000 220.00000 219.00000 219.00000 219.00000 221.00000 220.00000 221.00000 221.00000 221.00000 223.00000 223.00000 223.00000 224.00000 223.00000 224.00000 224.00000 224.00000 224.00000 224.00000 223.66000 224.00000 225.00000 224.00000 224.00000
221.00000 221.00000 221.00000 221.00000 221.00000 220.00000 220.00000 219.51000 220.00000 221.00000 220.00000 220.00000 220.00000 219.00000 218.29000 219.00000 220.00000 219.00000 218.00000 218.00000 218.00000 217.00000 217.00000 217.00000 217.00000 216.00000 216.00000 216.13000 216.12000 217.00000 216.25000 217.00000 218.00000 218.00000 218.00000 220.00000 219.00000 219.00000 219.00000 220.00000 221.00000 223.00000 221.00000 221.00000 222.00000 223.00000 222.00000 223.00000 222.00000 222.00000 223.00000 224.00000 224.00000 223.00000 223.00000 223.00000 224.00000 225.00000 225.00000 224.00000
220.00000 220.00000 222.00000 220.00000 220.00000 221.00000 220.00000 219.49000 221.00000 220.00000 219.00000 220.00000 219.00000 219.00000 219.00000 219.00000 219.00000 219.00000 218.00000 218.00000 217.00000 218.00000 217.00000 217.00000 216.49000 216.00000 216.00000 216.00000 216.26000 216.11000 216.13000 217.00000 218.00000 218.00000 218.00000 218.00000 218.00000 218.00000 218.00000 219.00000 220.00000 220.00000 221.00000 220.00000 221.00000 222.00000 222.00000 222.00000 221.51000 222.00000 222.00000 222.00000 223.00000 223.00000 223.00000 223.00000 224.00000 223.00000 224.00000 223.00000
220.00000 221.00000 220.00000 220.00000 219.00000 219.00000 220.00000 219.00000 219.00000 219.00000 219.00000 219.00000 219.00000 218.51000 219.00000 220.00000 219.00000 219.00000 218.00000 218.00000 218.00000 217.00000 217.00000 217.00000 216.51000 216.00000 216.00000 215.67000 216.00000 215.61000 216.00000 216.00000 217.00000 218.00000 218.00000 218.00000 219.00000 218.00000 218.00000 218.00000 219.00000 219.00000 220.00000 220.00000 220.00000 221.00000 222.00000 223.00000 221.49000 222.00000 222.00000 221.00000 222.00000 222.00000 222.00000 223.00000 224.00000 224.00000 223.00000 222.00000
221.00000 220.00000 220.00000 219.00000 218.51000 219.00000 219.00000 219.00000 218.51000 218.23000 218.30000 218.31000 218.49000 219.00000 220.00000 220.00000 219.00000 219.00000 219.00000 218.00000 217.00000 218.00000 218.00000 217.00000 216.00000 216.00000 215.51000 215.51000 215.38000 215.60000 216.00000 216.00000 217.00000 218.00000 220.00000 219.00000 217.00000 218.00000 217.00000 218.00000 219.00000 218.00000 219.00000 219.00000 219.00000 220.00000 220.00000 221.00000 222.00000 220.00000 222.00000 221.00000 221.00000 222.00000 221.49000 222.00000 223.00000 223.00000 222.00000 221.49000
220.00000 220.00000 220.00000 219.00000 218.49000 219.00000 219.00000 219.00000 218.17000 218.17000 218.49000 218.51000 219.00000 219.00000 219.00000 218.00000 219.00000 219.00000 218.00000 218.00000 218.00000 216.01000 216.01000 217.00000 216.00000 216.00000 216.00000 216.00000 215.37000 215.60000 216.00000 217.00000 218.00000 217.00000 217.00000 218.00000 218.00000 217.00000 217.49000 217.51000 218.00000 218.00000 218.00000 217.00000 218.00000 220.00000 220.00000 220.00000 221.00000 220.00000 221.00000 221.00000 221.00000 222.00000 221.51000 221.00000 221.00000 222.00000 221.00000 220.00000
220.00000 220.00000 219.00000 220.00000 218.00000 219.00000 219.00000 219.00000 219.00000 218.16000 219.00000 219.00000 219.00000 220.00000 219.00000 218.00000 219.00000 219.00000 218.49000 218.00000 217.00000 217.00000 217.00000 216.00000 216.00000 216.00000 218.00000 217.00000 217.00000 215.36000 216.49000 216.51000 217.00000 218.00000 218.00000 218.00000 217.00000 216.20000 216.20000 218.00000 218.00000 217.00000 217.00000 217.00000 218.00000 219.00000 220.00000 220.00000 221.00000 220.00000 221.00000 221.00000 221.00000 221.00000 220.00000 220.00000 220.00000 220.00000 220.00000 221.00000
219.00000 220.00000 219.00000 220.00000 220.00000 218.00000 219.00000 219.00000 218.07000 218.08000 220.00000 219.00000 219.00000 218.00000 218.00000 218.00000 218.00000 218.51000 218.00000 219.00000 218.00000 217.00000 217.00000 218.00000 216.00000 217.00000 217.51000 218.00000 218.00000 218.00000 215.35000 216.49000 216.51000 217.00000 217.00000 218.00000 216.23000 216.19000 217.00000 218.00000 216.51000 216.51000 216.49000 217.00000 217.00000 218.00000 219.00000 219.00000 219.00000 220.00000 222.00000 221.00000 220.00000 220.00000 220.00000 220.00000 220.00000 220.00000 220.00000 222.00000
219.00000 219.00000 219.00000 218.00000 219.00000 218.00000 219.00000 218.25000 218.24000 218.00000 219.00000 219.00000 219.00000 219.00000 218.00000 218.00000 220.00000 220.00000 219.00000 219.00000 217.00000 218.00000 218.00000 217.00000 217.00000 218.00000 217.49000 217.00000 217.00000 215.00000 215.00000 215.00000 216.00000 216.00000 217.00000 218.00000 217.00000 216.08000 216.10000 216.00000 216.49000 217.00000 216.00000 216.00000 217.00000 217.00000 218.00000 219.00000 219.00000 220.00000 220.00000 220.00000 220.00000 218.68000 220.00000 219.25000 219.51000 220.00000 220.00000 221.00000
218.51000 219.00000 219.00000 218.00000 218.00000 218.00000 218.00000 218.51000 219.00000 217.00000 218.00000 218.00000 218.00000 219.00000 219.00000 217.51000 217.25000 218.00000 218.00000 218.00000 218.00000 218.00000 218.00000 218.00000 218.00000 218.00000 218.00000 216.00000 215.00000 214.04000 214.07000 214.08000 214.08000 215.00000 215.00000 217.00000 215.56000 215.56000 216.00000 216.00000 215.00000 215.25000 215.24000 216.00000 217.00000 217.00000 218.00000 218.00000 218.00000 218.00000 218.00000 219.00000 219.00000 218.45000 218.44000 219.24000 220.00000 221.00000 221.00000 221.00000
218.49000 219.00000 219.00000 218.00000 219.00000 218.00000 217.00000 217.00000 217.00000 216.00000 214.99000 218.00000 217.00000 218.00000 219.00000 218.00000 217.24000 217.00000 217.00000 218.00000 218.00000 218.00000 217.00000 217.00000 218.00000 217.00000 215.00000 214.08000 214.08000 214.04000 214.05000 214.07000 215.00000 215.00000 215.00000 215.13000 216.00000 215.57000 215.76000 215.00000 215.00000 215.51000 216.00000 215.00000 216.00000 216.00000 216.00000 216.00000 218.00000 218.00000 218.00000 218.00000 218.00000 219.00000 218.43000 220.00000 220.00000 220.00000 221.00000 220.00000
218.00000 218.00000 218.00000 218.00000 218.00000 217.49000 217.00000 216.00000 213.00000 212.00000 212.00000 215.01000 217.00000 218.00000 218.00000 218.00000 218.00000 217.00000 217.00000 217.00000 218.00000 219.00000 217.00000 216.00000 215.00000 215.00000 214.08000 215.00000 215.00000 214.03000 214.03000 216.00000 217.00000 215.00000 215.00000 215.14000 215.28000 215.00000 216.00000 215.00000 215.00000 215.00000 214.00000 214.74000 218.00000 216.00000 214.76000 216.00000 217.00000 217.00000 217.00000 218.00000 218.00000 218.00000 217.00000 219.00000 219.00000 221.00000 222.00000 219.51000
218.00000 218.00000 218.00000 217.51000 217.51000 218.00000 217.00000 212.00000 211.44000 212.00000 212.00000 212.00000 213.00000 216.00000 217.00000 218.00000 218.00000 218.00000 217.00000 218.00000 218.00000 217.51000 217.49000 216.00000 215.00000 215.00000 216.00000 214.68000 215.00000 214.06000 214.03000 215.00000 216.00000 215.00000 215.00000 214.00000 215.00000 214.34000 215.00000 215.00000 214.51000 214.49000 214.00000 214.00000 214.75000 214.75000 216.00000 216.00000 217.00000 218.00000 216.00000 217.00000 216.49000 216.51000 217.00000 218.00000 218.00000 220.00000 219.49000 220.00000
219.00000 218.00000 217.49000 217.34000 217.34000 218.00000 217.00000 211.44000 211.44000 211.44000 212.00000 212.00000 211.51000 213.00000 215.00000 217.00000 218.00000 218.00000 216.51000 217.00000 218.00000 218.00000 218.00000 215.00000 214.04000 214.03000 214.02000 214.02000 214.66000 214.66000 214.03000 215.00000 216.00000 216.00000 214.00000 215.00000 214.34000 215.00000 215.00000 215.00000 213.51000 215.00000 214.00000 214.00000 214.00000 215.00000 215.00000 215.00000 216.00000 215.00000 215.00000 215.00000 217.00000 217.00000 217.00000 218.00000 218.00000 219.00000 218.00000 218.49000
217.00000 217.00000 217.32000 218.00000 218.00000 218.00000 218.00000 213.00000 211.35000 211.34000 212.00000 211.49000 212.00000 212.00000 213.00000 215.00000 216.00000 217.00000 216.00000 216.49000 217.00000 217.00000 217.00000 215.00000 214.03000 214.34000 214.23000 214.01000 214.00000 214.01000 214.01000 215.00000 215.00000 214.00000 214.00000 217.00000 215.00000 214.32000 214.00000 215.00000 213.48000 213.49000 213.50000 213.67000 213.67000 213.68000 215.00000 214.00000 214.00000 215.00000 215.00000 214.51000 216.00000 217.00000 216.00000 216.00000 217.00000 217.00000 218.00000 218.00000
211.00000 215.00000 218.00000 218.00000 218.00000 218.00000 218.00000 214.00000 212.00000 211.34000 212.00000 211.27000 212.00000 211.51000 212.00000 212.00000 212.00000 213.32000 213.66000 217.00000 217.00000 217.00000 216.00000 216.00000 216.00000 215.00000 214.22000 214.00000 214.00000 215.00000 215.00000 215.00000 214.00000 215.00000 214.00000 215.00000 214.00000 213.47000 213.48000 213.48000 215.00000 215.00000 213.50000 213.51000 215.00000 214.00000 213.68000 213.69000 213.91000 213.92000 213.92000 216.00000 215.00000 216.00000 217.00000 216.00000 216.00000 217.00000 218.00000 217.00000
209.00000 212.33000 216.00000 219.00000 217.00000 217.00000 218.00000 216.00000 214.00000 211.34000 212.00000 214.00000 211.25000 213.00000 213.00000 212.00000 213.00000 213.34000 213.68000 215.00000 216.00000 215.00000 215.00000 215.00000 215.00000 216.00000 214.21000 214.00000 214.00000 213.99000 214.00000 214.00000 215.00000 215.00000 213.28000 214.00000 213.30000 213.32000 214.00000 214.00000 217.00000 214.00000 214.00000 213.61000 214.00000 214.00000 214.00000 213.71000 214.00000 214.00000 215.00000 213.93000 214.00000 215.00000 213.94000 215.00000 215.00000 216.00000 216.00000 216.00000
211.24000 211.23000 211.19000 212.00000 216.00000 218.00000 219.00000 217.00000 215.00000 213.00000 211.32000 211.25000 212.00000 212.00000 213.00000 214.00000 213.00000 213.00000 213.00000 214.00000 213.00000 214.00000 213.00000 214.00000 213.00000 213.00000 214.00000 214.00000 213.32000 214.00000 213.00000 214.00000 214.00000 213.19000 213.19000 213.18000 213.30000 214.00000 214.00000 214.00000 214.00000 214.00000 214.00000 214.00000 213.62000 214.00000 213.64000 214.00000 214.00000 214.00000 213.79000 214.00000 215.00000 214.00000 213.93000 215.00000 215.00000 215.00000 215.00000 215.00000
211.24000 211.47000 211.19000 211.03000 211.02000 211.01000 211.00000 211.00000 211.00000 211.00000 211.00000 212.00000 213.00000 212.00000 212.00000 212.00000 212.00000 212.00000 211.68000 212.00000 213.00000 213.00000 213.00000 213.00000 214.00000 213.00000 212.51000 213.34000 213.33000 213.00000 213.00000 214.00000 214.00000 214.00000 214.00000 213.18000 214.00000 213.49000 215.00000 214.00000 214.00000 214.00000 214.00000 215.00000 213.74000 213.63000 213.63000 213.76000 213.76000 213.77000 213.79000 213.92000 213.93000 213.93000 213.93000 214.00000 215.00000 215.00000 215.00000 215.00000
211.81000 211.48000 211.07000 211.03000 211.12000 213.00000 216.00000 217.00000 215.00000 213.00000 212.00000 211.00000 211.00000 211.00000 212.00000 212.00000 211.34000 211.66000 213.00000 213.00000 212.00000 213.00000 212.00000 212.00000 211.51000 212.00000 212.49000 214.00000 213.00000 213.00000 214.00000 212.34000 213.00000 213.00000 213.08000 213.09000 214.00000 214.00000 213.51000 214.00000 214.00000 214.00000 214.00000 214.00000 214.00000 214.00000 213.69000 215.00000 214.49000 214.00000 215.00000 214.00000 215.00000 215.00000 214.00000 214.00000 214.24000 214.49000 214.51000 215.00000
210.00000 209.00000 210.00000 210.00000 211.12000 211.12000 214.00000 217.00000 214.00000 212.00000 212.00000 212.00000 211.49000 211.00000 211.00000 211.00000 211.32000 213.00000 213.00000 213.00000 212.00000 211.00000 211.09000 212.00000 212.00000 211.51000 212.00000 212.00000 212.00000 212.00000 212.32000 212.34000 212.53000 213.03000 214.00000 213.09000 214.00000 214.00000 215.00000 215.00000 215.00000 215.00000 215.00000 214.00000 214.00000 214.19000 214.00000 215.00000 214.51000 214.00000 215.00000 214.00000 214.00000 214.09000 214.07000 214.24000 216.00000 215.00000 215.00000 216.00000
209.00000 209.00000 210.00000 210.00000 210.00000 210.00000 211.00000 212.00000 212.00000 211.00000 212.00000 211.51000 211.00000 211.00000 212.00000 212.00000 211.00000 210.50000 212.00000 211.00000 210.49000 210.50000 211.05000 211.05000 212.00000 212.00000 211.50000 212.32000 213.00000 212.00000 213.00000 213.00000 212.53000 213.05000 214.00000 214.00000 215.00000 214.00000 213.51000 214.00000 214.00000 215.00000 215.00000 214.49000 215.00000 214.20000 215.00000 215.00000 214.00000 214.00000 214.00000 215.00000 214.00000 215.00000 214.49000 214.17000 214.18000 214.30000 216.00000 216.00000
